,index_content,amend_weight
0,1,0.0
1,2,0.0
2,3,0.0
3,4,0.0
4,5,0.0
5,6,0.0
6,7,0.0
7,8,1.0
8,9,0.0
9,10,0.0
10,11,0.0
11,13,0.0
12,14,0.0
13,15,0.0
14,16,1.0
15,17,2.0
16,18,0.0
17,19,0.0
18,20,0.0
19,21,0.0
20,23,0.0
21,24,0.0
22,25,0.0
23,26,0.0
24,27,0.0
25,28,0.0
26,29,0.0
27,30,0.0
28,31,0.0
29,32,-1.0
30,33,0.0
31,35,0.0
32,36,0.0
33,37,0.0
34,38,0.0
35,39,0.0
36,40,0.0
37,41,0.0
38,42,0.0
39,43,0.0
40,45,0.0
41,46,0.0
42,47,0.0
43,48,0.0
44,49,0.0
45,50,0.0
46,51,0.0
47,52,0.0
48,53,0.0
49,54,0.0
50,55,0.0
51,56,0.0
52,57,0.0
53,58,0.0
54,59,0.0
55,60,-1.0
56,61,0.0
57,62,0.0
58,63,0.0
59,64,0.0
60,65,0.0
61,66,0.0
62,67,0.0
63,68,0.0
64,69,-1.0
65,70,0.0
66,71,-1.0
67,72,0.0
68,73,0.0
69,74,0.0
70,75,0.0
71,76,0.0
72,77,0.0
73,78,0.0
74,79,0.0
75,80,0.0
76,81,0.0
77,82,0.0
78,83,0.0
79,84,0.0
80,85,0.0
81,86,0.0
82,87,0.0
83,88,0.0
84,90,0.0
85,91,0.0
86,92,0.0
87,93,0.0
88,94,0.0
89,95,0.0
90,96,0.0
91,97,0.0
92,98,1.0
93,99,0.0
94,100,0.0
95,101,0.0
96,102,0.0
97,103,0.0
98,104,0.0
99,105,0.0
100,106,0.0
101,107,0.0
102,108,0.0
103,109,0.0
104,110,0.0
105,111,0.0
106,112,0.0
107,113,0.0
108,114,0.0
109,115,0.0
110,116,0.0
111,119,0.0
112,120,1.0
113,121,0.0
114,122,0.0
115,123,0.0
116,124,0.0
117,125,0.0
118,126,0.0
119,127,0.0
120,128,0.0
121,129,0.0
122,130,0.0
123,131,0.0
124,132,-1.0
125,133,0.0
126,134,0.0
127,135,0.0
128,136,0.0
129,137,0.0
130,138,-1.0
131,139,0.0
132,140,0.0
133,141,0.0
134,142,0.0
135,143,0.0
136,144,0.0
137,145,-1.0
138,146,0.0
139,147,0.0
140,148,0.0
141,149,0.0
142,150,0.0
143,151,0.0
144,152,0.0
145,153,0.0
146,155,0.0
147,156,0.0
148,157,0.0
149,158,0.0
150,159,0.0
151,160,0.0
152,161,0.0
153,163,0.0
154,164,0.0
155,165,0.0
156,166,0.0
157,167,0.0
158,168,0.0
159,169,1.0
160,170,0.0
161,171,0.0
162,172,0.0
163,173,0.0
164,174,0.0
165,175,0.0
166,176,0.0
167,177,0.0
168,178,0.0
169,179,0.0
170,180,0.0
171,181,0.0
172,183,0.0
173,184,0.0
174,185,0.0
175,186,0.0
176,187,0.0
177,188,-1.0
178,189,0.0
179,190,0.0
180,191,0.0
181,192,0.0
182,193,0.0
183,194,0.0
184,195,0.0
185,196,0.0
186,197,0.0
187,198,0.0
188,199,0.0
189,200,0.0
190,201,0.0
191,202,0.0
192,203,0.0
193,204,0.0
194,205,0.0
195,206,0.0
196,207,0.0
197,208,0.0
198,209,0.0
199,210,0.0
200,211,0.0
201,213,0.0
202,214,0.0
203,215,0.0
204,216,0.0
205,217,0.0
206,218,0.0
207,219,0.0
208,220,0.0
209,222,0.0
210,223,0.0
211,224,0.0
212,225,0.0
213,226,0.0
214,227,0.0
215,228,0.0
216,229,0.0
217,230,0.0
218,231,0.0
219,232,0.0
220,233,0.0
221,234,0.0
222,235,0.0
223,236,0.0
224,237,0.0
225,238,0.0
226,240,0.0
227,241,0.0
228,242,0.0
229,243,0.0
230,244,0.0
231,245,0.0
232,246,-1.0
233,247,0.0
234,248,0.0
235,249,0.0
236,250,0.0
237,251,0.0
238,252,0.0
239,253,0.0
240,255,0.0
241,256,0.0
242,257,0.0
243,258,0.0
244,259,0.0
245,260,0.0
246,261,0.0
247,262,0.0
248,263,0.0
249,264,0.0
250,265,0.0
251,266,0.0
252,267,0.0
253,268,0.0
254,271,0.0
255,272,0.0
256,273,0.0
257,274,0.0
258,276,0.0
259,277,0.0
260,278,0.0
261,279,0.0
262,280,0.0
263,281,0.0
264,282,0.0
265,283,0.0
266,284,0.0
267,285,0.0
268,286,-1.0
269,287,0.0
270,288,0.0
271,289,0.0
272,290,0.0
273,291,0.0
274,292,0.0
275,293,0.0
276,294,0.0
277,295,0.0
278,296,0.0
279,297,0.0
280,298,0.0
281,299,0.0
282,300,0.0
283,301,0.0
284,302,0.0
285,303,0.0
286,304,0.0
287,305,0.0
288,306,0.0
289,307,1.0
290,308,0.0
291,309,0.0
292,310,0.0
293,311,0.0
294,312,0.0
295,314,1.0
296,315,0.0
297,316,0.0
298,317,0.0
299,318,0.0
300,319,0.0
301,320,0.0
302,321,0.0
303,322,0.0
304,323,0.0
305,324,0.0
306,325,0.0
307,326,0.0
308,327,0.0
309,328,0.0
310,329,0.0
311,330,1.0
312,331,0.0
313,332,0.0
314,333,0.0
315,334,0.0
316,335,0.0
317,336,0.0
318,337,0.0
319,339,0.0
320,341,0.0
321,342,0.0
322,343,0.0
323,344,0.0
324,345,0.0
325,346,0.0
326,347,0.0
327,348,-1.0
328,349,0.0
329,350,0.0
330,351,0.0
331,352,0.0
332,353,0.0
333,354,0.0
334,355,0.0
335,356,0.0
336,357,0.0
337,358,0.0
338,359,0.0
339,360,0.0
340,361,0.0
341,362,0.0
342,363,0.0
343,364,0.0
344,366,0.0
345,367,0.0
346,368,0.0
347,370,0.0
348,371,0.0
349,372,0.0
350,373,0.0
351,374,0.0
352,375,-1.0
353,376,-1.0
354,377,0.0
355,378,0.0
356,379,0.0
357,380,0.0
358,381,-1.0
359,382,0.0
360,383,0.0
361,384,0.0
362,385,0.0
363,386,0.0
364,387,0.0
365,388,0.0
366,389,0.0
367,390,0.0
368,391,0.0
369,393,1.0
370,394,0.0
371,395,-1.0
372,396,0.0
373,397,-1.0
374,398,0.0
375,399,0.0
376,400,0.0
377,401,0.0
378,403,0.0
379,404,0.0
380,405,0.0
381,406,0.0
382,407,1.0
383,408,0.0
384,409,0.0
385,411,0.0
386,412,0.0
387,413,0.0
388,414,0.0
389,415,0.0
390,416,0.0
391,417,1.0
392,418,0.0
393,419,0.0
394,420,0.0
395,421,0.0
396,422,-1.0
397,423,0.0
398,424,-1.0
399,425,0.0
400,426,0.0
401,427,0.0
402,428,0.0
403,429,0.0
404,430,0.0
405,431,-1.0
406,432,0.0
407,433,0.0
408,435,0.0
409,436,0.0
410,437,0.0
411,439,0.0
412,440,0.0
413,441,0.0
414,442,1.0
415,443,0.0
416,444,0.0
417,445,0.0
418,446,0.0
419,447,0.0
420,448,0.0
421,449,0.0
422,450,0.0
423,451,0.0
424,452,0.0
425,453,0.0
426,454,1.0
427,455,0.0
428,456,0.0
429,457,0.0
430,459,0.0
431,460,-1.0
432,461,1.0
433,462,0.0
434,463,0.0
435,464,0.0
436,465,0.0
437,466,0.0
438,467,0.0
439,468,0.0
440,469,0.0
441,470,0.0
442,471,0.0
443,472,0.0
444,473,0.0
445,474,0.0
446,475,0.0
447,476,0.0
448,477,0.0
449,478,0.0
450,479,0.0
451,480,0.0
452,481,0.0
453,482,0.0
454,483,0.0
455,484,0.0
456,485,0.0
457,486,0.0
458,487,0.0
459,488,0.0
460,489,0.0
461,490,0.0
462,491,0.0
463,492,-1.0
464,493,0.0
465,494,0.0
466,496,0.0
467,497,0.0
468,498,2.0
469,499,0.0
470,500,0.0
471,501,0.0
472,502,0.0
473,503,0.0
474,504,0.0
475,505,0.0
476,506,0.0
477,507,0.0
478,508,0.0
479,509,0.0
480,510,0.0
481,511,0.0
482,512,0.0
483,513,0.0
484,514,0.0
485,515,0.0
486,516,0.0
487,518,0.0
488,519,0.0
489,520,0.0
490,521,0.0
491,522,-1.0
492,523,0.0
493,524,0.0
494,525,0.0
495,526,0.0
496,527,0.0
497,528,0.0
498,529,0.0
499,530,0.0
500,532,0.0
501,533,0.0
502,534,0.0
503,535,0.0
504,536,0.0
505,538,0.0
506,539,0.0
507,540,0.0
508,541,0.0
509,542,1.0
510,544,0.0
511,545,0.0
512,546,0.0
513,547,0.0
514,548,0.0
515,549,0.0
516,550,0.0
517,551,0.0
518,552,0.0
519,553,0.0
520,554,0.0
521,556,0.0
522,557,0.0
523,558,0.0
524,559,0.0
525,560,-1.0
526,561,0.0
527,562,0.0
528,563,0.0
529,565,0.0
530,567,0.0
531,570,0.0
532,571,0.0
533,572,0.0
534,574,0.0
535,575,0.0
536,576,0.0
537,577,0.0
538,578,0.0
539,579,0.0
540,580,0.0
541,581,0.0
542,582,0.0
543,584,0.0
544,585,0.0
545,587,0.0
546,588,0.0
547,589,-1.0
548,590,0.0
549,592,0.0
550,593,0.0
551,594,0.0
552,595,0.0
553,596,0.0
554,597,1.0
555,598,0.0
556,599,0.0
557,600,0.0
558,601,0.0
559,603,0.0
560,604,0.0
561,605,0.0
562,606,0.0
563,608,0.0
564,609,0.0
565,610,0.0
566,611,0.0
567,612,0.0
568,613,0.0
569,614,0.0
570,615,0.0
571,616,0.0
572,617,0.0
573,618,0.0
574,619,0.0
575,620,0.0
576,621,0.0
577,622,0.0
578,623,0.0
579,624,0.0
580,625,0.0
581,626,0.0
582,627,0.0
583,628,0.0
584,629,0.0
585,631,0.0
586,632,0.0
587,633,0.0
588,634,0.0
589,635,0.0
590,636,0.0
591,637,0.0
592,638,0.0
593,639,0.0
594,640,0.0
595,641,0.0
596,642,0.0
597,643,0.0
598,644,0.0
599,645,0.0
600,646,0.0
601,647,0.0
602,648,0.0
603,649,0.0
604,652,0.0
605,653,0.0
606,655,0.0
607,656,0.0
608,657,0.0
609,659,0.0
610,660,0.0
611,661,0.0
612,662,0.0
613,663,0.0
614,664,1.0
615,665,0.0
616,666,0.0
617,667,1.0
618,668,0.0
619,669,0.0
620,670,0.0
621,672,0.0
622,673,0.0
623,674,0.0
624,676,0.0
625,677,0.0
626,678,0.0
627,679,1.0
628,680,0.0
629,681,0.0
630,682,0.0
631,683,0.0
632,684,0.0
633,685,0.0
634,686,2.0
635,687,0.0
636,688,0.0
637,689,0.0
638,691,0.0
639,692,0.0
640,695,0.0
641,697,0.0
642,698,0.0
643,699,0.0
644,700,0.0
645,701,0.0
646,702,0.0
647,703,0.0
648,704,0.0
649,705,0.0
650,706,0.0
651,707,0.0
652,708,0.0
653,709,-1.0
654,710,-1.0
655,711,0.0
656,712,0.0
657,713,0.0
658,714,0.0
659,715,0.0
660,717,0.0
661,718,0.0
662,719,0.0
663,720,0.0
664,721,0.0
665,722,0.0
666,723,0.0
667,724,0.0
668,725,0.0
669,726,0.0
670,727,0.0
671,728,0.0
672,729,0.0
673,730,0.0
674,731,1.0
675,732,0.0
676,733,0.0
677,734,0.0
678,735,0.0
679,736,0.0
680,737,0.0
681,738,0.0
682,739,0.0
683,740,0.0
684,741,0.0
685,742,0.0
686,743,0.0
687,744,0.0
688,745,0.0
689,746,0.0
690,747,-1.0
691,748,0.0
692,749,0.0
693,750,0.0
694,751,0.0
695,752,0.0
696,753,0.0
697,754,-1.0
698,756,0.0
699,757,0.0
700,758,0.0
701,759,0.0
702,760,0.0
703,761,0.0
704,762,0.0
705,763,0.0
706,764,0.0
707,765,0.0
708,766,0.0
709,767,0.0
710,768,0.0
711,769,0.0
712,770,0.0
713,771,0.0
714,772,0.0
715,773,0.0
716,774,0.0
717,776,0.0
718,777,0.0
719,778,0.0
720,779,0.0
721,780,0.0
722,782,0.0
723,783,0.0
724,785,0.0
725,786,0.0
726,787,0.0
727,788,0.0
728,789,0.0
729,790,0.0
730,791,0.0
731,792,0.0
732,793,0.0
733,794,0.0
734,795,0.0
735,796,0.0
736,797,0.0
737,798,1.0
738,799,0.0
739,800,0.0
740,801,0.0
741,802,0.0
742,804,0.0
743,805,0.0
744,808,0.0
745,809,0.0
746,810,0.0
